<?xml version="1.0" encoding="UTF-8" standalone="no"?>
<!-- Created with Inkscape (http://www.inkscape.org/) -->

<svg
   width="210mm"
   height="297mm"
   viewBox="0 0 210 297"
   version="1.1"
   id="svg185"
   xml:space="preserve"
   sodipodi:docname="RUBY bbrrr ruby.svg"
   inkscape:version="1.2.2 (732a01da63, 2022-12-09)"
   inkscape:export-filename="RUBY bbrrr.png"
   inkscape:export-xdpi="98"
   inkscape:export-ydpi="98"
   xmlns:inkscape="http://www.inkscape.org/namespaces/inkscape"
   xmlns:sodipodi="http://sodipodi.sourceforge.net/DTD/sodipodi-0.dtd"
   xmlns="http://www.w3.org/2000/svg"
   xmlns:svg="http://www.w3.org/2000/svg"><sodipodi:namedview
     id="namedview10"
     pagecolor="#ffffff"
     bordercolor="#000000"
     borderopacity="0.25"
     inkscape:showpageshadow="2"
     inkscape:pageopacity="0.0"
     inkscape:pagecheckerboard="0"
     inkscape:deskcolor="#d1d1d1"
     inkscape:document-units="mm"
     showgrid="false"
     inkscape:zoom="0.53588673"
     inkscape:cx="208.99939"
     inkscape:cy="685.77925"
     inkscape:window-width="1600"
     inkscape:window-height="838"
     inkscape:window-x="-8"
     inkscape:window-y="-8"
     inkscape:window-maximized="1"
     inkscape:current-layer="layer1" /><defs
     id="defs182"><rect
       x="333.96226"
       y="856.60377"
       width="113.20755"
       height="60.377358"
       id="rect285" /><rect
       x="358.49057"
       y="866.03774"
       width="137.73585"
       height="75.471698"
       id="rect229" /></defs><g
     id="layer1"><path
       style="fill:#008000;stroke-width:1.16171"
       d="m 188.47543,150.59032 c -1.62876,-0.51886 -6.79248,-2.96886 -11.47527,-5.44431 -11.32713,-5.98819 -27.68146,-12.35457 -35.90557,-13.97754 -10.16254,-2.00505 -28.96459,-1.83773 -37.71579,0.3366 -8.063172,2.00328 -18.179994,5.94569 -25.443011,9.91506 -2.97758,1.6269 -5.586534,2.78538 -5.798011,2.57372 -1.091267,-1.09225 18.071163,-13.69135 30.510032,-20.06053 26.64091,-13.64042 57.72841,-13.89961 85.32941,-0.71168 14.28211,6.82422 20.01566,16.76111 14.0506,24.35114 -2.97168,3.78108 -7.79066,4.85347 -13.55239,3.01754 z"
       id="path4761" /><path
       style="fill:#ff0000;stroke-width:1.16171"
       d="m 56.721117,155.15261 c 2.814808,-9.50566 10.574324,-25.3953 16.905223,-34.6184 12.957639,-18.87604 34.61487,-32.623154 57.75873,-36.662582 11.99709,-2.093873 16.79844,-1.286235 21.73746,3.657443 2.78296,2.785228 3.1487,3.543056 3.1487,6.526318 0,3.92624 -2.48954,7.502881 -6.34419,9.114901 -1.28806,0.53863 -7.80001,1.66654 -14.47169,2.50635 -13.53517,1.70454 -27.78213,4.97557 -36.178017,8.30578 -15.183944,6.02362 -29.829445,20.01586 -39.602717,37.83614 -2.815599,5.13395 -3.82327,6.27154 -2.953499,3.33405 z"
       id="path4763" /><path
       style="fill:#ff0000;stroke-width:1.16171"
       d="m 48.27368,181.87682 c -1.725659,-5.31576 -4.509629,-18.45239 -5.318742,-25.09735 -1.49621,-12.28819 0.632375,-27.6641 5.475583,-39.55371 5.086163,-12.4859 19.168453,-30.553197 26.08768,-33.469231 1.599513,-0.674232 4.642242,-1.25443 6.761289,-1.289771 4.399924,-0.07363 7.015059,1.72911 8.339885,5.746723 1.435871,4.354671 0.0396,6.573811 -11.646042,18.501199 -13.274026,13.54933 -17.702601,19.27531 -22.419208,28.98815 -6.308004,12.98994 -8.159741,23.89602 -6.647787,39.15311 0.905805,9.1404 0.721026,11.19073 -0.632658,7.02088 z"
       id="path4765" /><path
       style="fill:#ffffff;stroke-width:1.16171"
       d="m 50.774778,216.16789 c -14.432175,-1.87019 -29.53415,-10.44705 -39.87468,-22.64605 -5.3736289,-6.33943 -7.1360265,-9.82923 -7.1360265,-14.13045 0,-4.42653 2.9499695,-7.75224 6.8763555,-7.75224 3.513992,0 5.45226,1.75156 11.681063,10.55587 6.817777,9.63683 17.236262,20.08411 24.011324,24.0776 8.424536,4.96599 17.946685,7.52087 28.502627,7.64717 2.646624,0.0305 5.469003,0.31475 6.272042,0.62869 1.285517,0.50289 1.197014,0.62728 -0.740394,1.0402 -3.658895,0.77998 -24.843351,1.19467 -29.592311,0.57921 z"
       id="path4767" /><path
       style="fill:#ffffff;stroke-width:1.16171"
       d="M 56.689473,204.49641 C 42.689857,195.16334 32.85899,184.53105 26.65216,172.00949 c -8.095751,-16.33182 -10.302155,-37.4484 -5.047925,-48.31152 3.826444,-7.91105 12.971547,-8.18179 15.517998,-0.45933 0.701111,2.12577 0.684302,4.61144 -0.0789,11.65849 -1.279641,11.81666 -1.127794,26.07105 0.35078,32.92246 2.967427,13.75006 10.604958,26.50809 21.773292,36.3705 2.306084,2.03668 3.856226,3.71438 3.444727,3.729 -0.411541,0.005 -3.076717,-1.52554 -5.922622,-3.42268 z"
       id="path4769" /><path
       style="fill:#ff0000;stroke-width:1.16171"
       d="m 188.47543,150.59032 c -1.62876,-0.51886 -6.79248,-2.96886 -11.47527,-5.44431 -11.32713,-5.98819 -27.68146,-12.35457 -35.90557,-13.97754 -10.16254,-2.00505 -28.96459,-1.83773 -37.71579,0.3366 -8.063172,2.00328 -18.179994,5.94569 -25.443011,9.91506 -2.97758,1.6269 -5.586534,2.78538 -5.798011,2.57372 -1.091267,-1.09225 18.071163,-13.69135 30.510032,-20.06053 26.64091,-13.64042 57.72841,-13.89961 85.32941,-0.71168 14.28211,6.82422 20.01566,16.76111 14.0506,24.35114 -2.97168,3.78108 -7.79066,4.85347 -13.55239,3.01754 z"
       id="path293" /><text
       xml:space="preserve"
       transform="matrix(3.0586702,0,0,3.0586702,-1020.4702,-2471.4872)"
       id="text227"
       style="font-style:normal;font-variant:normal;font-weight:normal;font-stretch:normal;font-size:12.3411px;font-family:Audiowide;-inkscape-font-specification:'Audiowide, Normal';font-variant-ligatures:normal;font-variant-caps:normal;font-variant-numeric:normal;font-variant-east-asian:normal;white-space:pre;shape-inside:url(#rect229);fill:#1a1a1a;stroke-width:1.5685"><tspan
         x="358.49023"
         y="877.16052"
         id="tspan455">RUBY</tspan></text><text
       xml:space="preserve"
       transform="scale(0.26458333)"
       id="text283"
       style="fill:#ff0000;stroke-width:1.56850394;white-space:pre;shape-inside:url(#rect285)" /></g></svg>
